0 0 0 0 0 28 32 42 31 30 70 41 41 34 37 49 45 24 15 13 45 35 32 27 33 87 89 54 52 51 75 51 28 21 19 46 49 19 21 22 26 23 15 10 9 21 25 15 14 11 27 30 14 20 16 20 17 8 3 6 
7 7 0 0 0 14 16 15 16 20 32 22 12 18 12 15 6 0 0 0 0 0 0 0 0 0 0 0 0 0 18 12 11 14 15 20 22 12 6 7 6 7 4 0 0 6 6 7 4 6 18 13 10 6 11 15 7 12 8 10 
7 0 0 0 0 0 0 0 0 0 0 0 0 0 0 0 0 0 0 0 0 0 0 0 0 0 0 0 0 0 0 0 0 0 0 0 0 0 0 0 0 0 0 0 0 0 0 0 0 0 0 0 0 0 0 0 0 0 0 0 
0 0 0 0 0 0 0 0 0 0 0 0 0 0 0 0 0 0 0 0 0 0 0 0 0 0 0 0 0 0 0 0 0 0 0 0 0 0 0 0 0 0 0 0 0 0 0 0 0 0 0 0 0 0 0 0 0 0 0 0 
0 0 0 0 0 0 0 0 0 0 0 0 0 0 0 0 0 0 0 0 0 0 0 0 0 0 0 0 0 0 0 0 0 0 0 0 0 0 0 0 0 0 0 0 0 0 0 0 0 0 0 0 0 0 0 0 0 0 0 0 
0 0 0 0 0 0 0 0 0 0 0 0 0 0 0 0 0 0 0 0 0 0 0 0 0 0 0 0 0 0 0 0 0 0 0 0 0 0 0 0 0 0 0 0 0 0 0 0 0 0 0 0 0 0 0 0 0 0 0 0 
0 0 0 0 0 0 0 0 0 0 0 0 0 0 0 0 0 0 0 0 0 0 0 0 0 0 0 0 0 0 0 0 0 0 0 0 0 0 0 0 0 0 0 0 0 0 0 0 0 0 0 0 0 0 0 0 0 0 0 0 
0 0 0 0 0 0 0 0 0 0 0 0 0 0 0 0 0 0 0 0 0 0 0 0 0 0 0 0 0 0 0 0 0 0 0 0 0 0 0 0 0 0 0 0 0 0 0 0 0 0 0 0 0 0 0 0 0 0 0 0 
0 0 0 0 0 5 7 6 6 7 9 4 5 0 0 0 0 0 0 0 0 0 0 0 0 0 0 0 0 0 0 0 0 0 0 16 15 13 17 17 17 7 0 0 0 16 15 14 11 15 38 41 22 22 23 48 40 25 25 26 
29 17 11 7 7 32 20 16 16 25 20 21 12 0 0 7 7 9 7 6 18 17 7 8 8 61 48 42 45 43 43 37 0 0 0 28 33 25 32 32 51 33 14 12 15 45 41 23 27 34 28 31 0 0 0 32 32 29 29 28 
48 39 15 14 15 33 18 16 19 12 12 17 0 0 0 33 30 34 34 28 36 12 0 0 0 8 9 7 5 9 42 40 32 30 33 52 28 18 22 20 46 39 25 18 22 35 36 18 15 16 35 28 21 23 24 35 29 15 17 21 
49 38 31 31 33 27 20 6 8 5 11 18 7 5 5 7 8 0 0 0 24 23 27 25 24 14 14 0 0 0 30 34 33 37 33 43 6 8 4 7 47 45 44 44 32 51 35 14 14 14 37 32 35 20 24 39 34 17 14 15 
35 42 45 27 32 49 31 15 12 15 17 7 0 0 0 0 0 0 0 0 15 17 12 15 17 29 26 14 12 15 15 9 0 0 0 0 0 0 0 0 25 25 21 25 26 51 34 29 31 27 56 46 24 28 22 56 43 31 27 35 
53 37 20 24 22 52 35 33 22 31 52 55 34 20 27 40 26 14 13 16 18 21 8 7 7 18 8 11 7 8 22 15 9 17 17 27 17 8 7 9 17 9 7 5 7 24 24 15 15 17 18 23 5 8 8 27 23 12 17 17 
54 46 35 34 37 34 28 6 0 0 49 48 47 50 47 64 27 14 17 18 29 28 16 15 14 12 8 0 0 0 5 6 8 6 9 15 11 10 8 2 25 23 15 14 15 25 35 19 12 16 23 16 9 10 5 27 19 16 17 15 
39 24 23 19 23 37 48 25 20 28 22 13 0 0 0 7 8 5 7 9 8 5 0 0 0 14 18 15 15 16 59 41 39 35 29 50 53 13 12 15 56 57 35 40 41 46 31 14 18 11 43 50 39 28 27 33 37 6 5 7 
60 50 48 44 53 59 44 14 15 19 37 23 13 20 17 45 38 29 32 32 22 19 0 0 0 11 7 8 5 7 8 0 0 0 0 6 9 8 7 8 13 14 8 6 4 39 49 42 42 42 62 45 18 24 22 41 34 13 15 14 
36 41 18 21 23 31 32 15 16 10 44 59 42 39 35 63 54 19 25 21 75 72 58 61 52 78 54 33 20 23 36 31 12 11 19 15 13 7 0 0 24 22 22 21 28 19 15 0 0 0 14 14 16 16 13 14 7 0 0 0 
22 17 22 24 26 52 54 31 33 27 37 34 5 8 8 25 19 13 14 12 14 10 0 0 0 33 38 29 30 34 55 32 18 24 23 29 25 9 5 7 31 28 20 21 24 23 21 0 0 0 18 16 13 14 12 39 33 24 21 28 
52 43 33 34 27 62 56 44 38 31 66 57 24 27 21 39 34 16 11 18 19 22 7 9 7 21 21 14 15 11 12 15 5 0 0 33 30 26 31 30 55 57 29 29 28 52 40 17 17 15 33 20 24 22 19 31 21 15 14 8 
16 6 6 11 6 18 8 6 6 4 32 37 24 26 22 63 40 41 37 37 37 38 0 0 0 0 0 0 0 0 22 22 23 23 26 43 26 10 14 13 15 9 0 0 0 0 0 0 0 0 14 15 19 18 16 25 14 14 12 16 
34 22 16 13 12 48 49 46 38 37 55 48 17 12 15 53 52 41 38 44 72 34 32 35 31 60 54 31 26 28 54 44 17 14 18 28 20 14 16 15 36 26 12 14 17 50 47 46 41 47 37 0 0 0 0 5 4 8 7 8 
18 17 6 6 8 27 29 24 25 21 55 37 20 21 23 48 24 27 22 21 60 43 37 44 38 58 45 24 19 21 51 43 35 19 25 35 33 20 19 18 18 20 21 17 14 41 34 26 22 22 31 15 7 4 5 9 7 0 0 0 
28 25 24 31 31 46 30 21 25 21 33 30 29 21 20 51 39 27 25 28 42 29 25 14 15 32 27 17 18 12 50 44 28 37 33 42 7 8 8 8 40 29 25 32 33 62 48 45 36 38 54 47 23 15 17 58 48 43 50 51 
